976207814 1 565298911
100
906930864:0:475045723 851911988 0 476855158
595828351:0:7420345 233585148 0 158636587
648137240:0:170591015 404645241 0 28582300
958016960:0:240877854 121693921 0 473988076
647242137:0:325175298 564217139 0 483782456
61805081:0:208578087 689652057 0 225480589
562152058:0:198392645 434982284 0 143832463
127173761:0:43269722 739961421 0 12553591
564436846:0:258035137 254784027 0 283099665
814351522:0:524353603 228015114 0 436759702
61517442:0:177625931 237486729 0 187153689
539908864:0:464991895 69541945 0 42374280
407682051:0:541797846 603721939 0 405735387
259901154:0:308834641 951360644 0 218050853
940561386:0:480766698 651473640 0 342097304
115732598:0:383459696 132921267 0 547701675
974088245:0:24232650 664608251 0 270078983
308568690:0:515177396 165717381 0 206267820
910965781:0:530583175 846089279 0 136958436
273050216:0:522231817 825231677 0 503881713
730165153:0:68939107 888774206 0 204781565
709851020:0:414867899 403451747 0 222015326
199833386:0:297705357 140867491 0 379488397
724311604:0:309838963 201112071 0 389171609
172247397:0:304039231 500837816 0 49805982
127373393:0:209583061 684299983 0 558435163
175789570:0:396228725 597388454 0 294283550
686279840:0:239211180 891887475 0 315604908
666905012:0:140558606 209368062 0 212467781
950836441:0:310671596 638186406 0 552660218
863696396:0:274700057 96319349 0 213684993
550262062:0:131551532 336955370 0 56408458
595313835:0:425656885 584740647 0 238412559
725552804:0:368602662 902879546 0 779287
359895937:0:262837296 832695700 0 169548232
185591700:0:36824099 956935295 0 553273926
449259984:0:181077960 655277658 0 558049560
794927655:0:287083571 356946947 0 50182676
69854883:0:28222207 670844222 0 386098126
84705047:0:151684282 319914709 0 12937690
398100003:0:11120997 446902225 0 225565041
848412376:0:553050638 100578368 0 77620451
952428680:0:250461755 442452386 0 171334730
715968304:0:466847451 242440637 0 106708058
219360745:0:227230862 757256269 0 142528906
421423785:0:17208008 122027773 0 80329109
12476110:0:232687706 187896960 0 74533119
373763311:0:82449628 928858343 0 531773202
790299347:0:236623137 398375484 0 548297614
391635672:0:81323276 544769435 0 352458379
429310746:0:279069839 45833891 0 483235429
164868965:0:517521341 709835648 0 484891834
326134810:0:472416579 686551780 0 142920003
287844962:0:405796110 106188107 0 116380275
577141614:0:100584302 759167858 0 339602618
174226435:0:128524702 468173686 0 381396192
93350584:0:387560263 178343892 0 262331392
234918788:0:257358149 417930991 0 403302929
528242694:0:393831235 215292306 0 43838328
340146144:0:529147609 767923606 0 554485385
737112128:0:553065404 507548161 0 210279332
852536301:0:547867457 892680624 0 239685765
238995861:0:89947303 848863480 0 344803832
474765281:0:313680040 260841259 0 384551918
794610400:0:449852494 114756711 0 302277351
726230679:0:93091291 636181871 0 507715757
782776331:0:539425038 371749564 0 401605932
261755751:0:322744918 928336750 0 374425327
49045759:0:362993386 352608576 0 224013047
740583200:0:499260860 731213073 0 475581660
537609773:0:315120178 350393975 0 191158538
868995312:0:66927376 124648453 0 370087512
291458073:0:275920251 349122009 0 194921086
717461937:0:471767881 11587318 0 42118116
609403162:0:181490757 391099716 0 151746714
247905928:0:132375155 694756924 0 229173319
420322619:0:204597111 801841377 0 137740397
625209680:0:234529674 290551289 0 356295124
504482825:0:325382632 29728743 0 116104890
951511795:0:290353887 81982000 0 155870490
928472914:0:505425543 791800338 0 563278047
851957877:0:494352062 250558902 0 295859551
839019173:0:430543130 660051837 0 13016761
862405075:0:144335418 88105495 0 97723925
262986161:0:81708574 434502136 0 208180249
302589534:0:26485435 835734880 0 423285842
905601671:0:390072250 808927324 0 263817148
899690558:0:465736068 522799583 0 279119244
957026729:0:549760471 222917903 0 295526241
616349212:0:289563033 780278613 0 245878561
707302723:0:237024096 922662586 0 112806448
356507333:0:529187795 1010193 0 357560747
727846820:0:93856842 966630920 0 43278191
257917372:0:456987828 341750275 0 561196549
845354562:0:233575806 52003725 0 236215643
511473022:0:521823782 212167379 0 271377794
394716818:0:385288325 932249142 0 109771417
914727302:0:477753506 666128055 0 126128824
951139985:0:517423620 197322094 0 152057704
17431193:0:198200481 174947311 0 451486111
