2 977086182 975928578
100
1:283897679:263835214 0 737426185 833048661
1:688479239:399508901 0 761411222 318533613
0:683037167:958984009 0 905321346 844284502
1:659756496:724302434 1 388235974 243624525
0:38486545:389446022 1 883607936 231259962
1:921487058:84778857 0 789685388 136974282
0:911415871:894731196 0 3394793 796694059
1:225855248:506158900 1 959442513 360232056
0:36523576:922871193 0 559515671 644833657
0:258769982:152972520 1 810092463 293022389
1:576895795:265310840 0 478420630 402070871
0:168306464:821018483 0 778551545 52658689
1:104767391:630734876 1 845096433 194162609
1:135951651:333732402 1 166133484 708893066
1:285028399:133782449 1 622824388 796054358
0:316617623:844891277 0 548704796 23264927
1:209009450:397194621 1 473099218 695068686
0:172917206:812021269 1 244131925 208678727
0:162420705:557859314 1 352364757 344283257
1:888797411:84420276 0 138840913 318045193
1:684912223:88727022 0 928083698 296273023
1:70135254:413758630 0 944745865 156312128
0:621023631:967732653 0 139690845 18776811
1:346695730:257660518 1 604356487 14414204
0:929883551:484045936 0 613767170 610322495
1:895533452:834539635 1 3447356 496113954
1:495065420:704460284 1 712958288 67070133
1:704634316:281826352 1 838797839 733335940
1:450157711:152654362 1 818852558 705256398
1:7037985:390295011 1 154557393 251509095
0:332412704:606990078 1 347901887 390938299
0:413026707:299464446 0 673425755 853286659
0:531594672:453909236 1 699598779 102274096
0:481365669:173691701 1 754981332 705041097
1:808637152:691655685 0 746050755 901826324
0:703691647:776287599 1 241646397 366689160
1:314868455:375872982 1 610653373 293941348
0:220477967:724125088 1 191186994 4034459
1:940271311:581111733 1 445252863 773769983
1:357543116:196843608 1 884993576 430643
0:231111594:849687512 0 258030627 284330461
1:491111485:672962728 0 178021340 417141807
0:801153779:539342062 0 474557260 464109661
1:369111854:516032271 1 585976521 458954275
0:818892347:705341871 0 106844928 258923087
0:956861839:716486578 0 441694395 199881584
1:794697376:445018794 0 902314259 109875766
1:698419572:57220121 1 258254124 552952565
1:937828316:437188226 1 715620636 736001090
1:685396038:379513577 1 576435934 78685857
1:566850449:153063877 1 78848170 645841260
0:889278015:55398615 1 972071816 478380208
1:734993347:801487423 1 106683360 722360383
1:705602971:707961666 1 793328432 804459279
1:47643430:951016248 0 699009643 219986304
1:885065055:548721093 1 634387107 745783246
0:270765193:684729151 0 564778913 815573594
1:24515266:769452327 1 400230421 933613114
1:732100348:573299668 0 471711188 207847645
0:356483482:387504548 0 666684251 353698466
1:150294035:312950859 0 678559757 520870253
0:194522612:284213982 1 769461652 212427444
0:174644901:286913361 0 285577313 900622664
1:696970362:643840185 1 837589664 184880727
1:582148218:179749690 1 113371861 566616898
1:478690996:522671718 1 827376155 689322740
0:485810350:773831828 0 941703432 517196426
1:506131759:268770148 0 948714332 740449981
1:5601693:806343844 0 766459234 485437463
0:213274421:394451390 0 194527946 325639247
0:166104238:824395885 1 243533135 193839105
0:566120969:624210989 0 751615418 62043913
0:303836249:118888958 1 130386745 863410708
0:905101774:562748951 0 957543845 485094462
1:878236547:353041199 0 250024271 677831748
1:115353245:302888604 1 30444998 362203029
0:825216575:649856669 0 194430196 795617507
0:277131798:265272516 0 426498610 597206264
1:665262162:824003609 1 272943883 85271636
0:507302352:557233860 0 568394312 559592161
1:469471707:831944482 0 605900715 587226939
0:933967575:585806482 0 472693045 880457968
1:74378267:692475673 1 197060190 641188307
1:358439951:426481295 1 648844196 651414154
1:762552933:554581743 1 393627360 435552241
0:794613599:432362424 0 816712758 113215935
1:953449201:80027567 1 412457005 668431147
0:562503:242005362 0 217320221 60025302
0:156886102:450774345 0 682367412 892305765
1:279356820:604063383 1 911695714 778606658
0:811866830:444754885 0 393663476 928773429
0:916901196:391883307 1 973394329 533837766
0:738708020:950225284 1 457438781 463397219
0:864289975:658295669 1 533234803 727414321
1:494977872:225505838 1 475325268 507130404
1:607510721:933678144 0 69004716 502079533
1:33007220:224567345 1 423475741 668668221
1:85483069:711312188 0 201794299 390772406
0:857122740:380046195 1 129267610 86132302
0:332694518:523325968 1 788371016 941179033
