931682902 2 519450169
100
249828442:0:488160672 116274048 1 116761710
863415945:1:402232920 418408579 0 163692275
97287723:0:49911629 237810810 1 112177188
422750505:0:81916735 771462835 1 383044542
619811522:1:258471101 537294807 0 321360489
836211939:1:97906165 438319246 1 70494520
578615505:1:322417283 804911217 0 66021689
86581448:1:30424011 479224265 0 204728316
253670187:0:54459853 243369538 0 76875556
175595969:0:395032431 17441505 0 255508248
391052353:0:460072892 549971669 1 198323336
407453693:0:56281837 347286411 0 484847279
749215187:0:215217716 225139847 0 196498163
736550886:1:475146960 800784960 1 496676329
595614513:0:449185188 148907937 1 75792080
89412529:0:333881866 161084006 0 420025494
888181350:0:295074747 123368440 0 192559176
724044902:0:509612802 464407688 1 429579240
149087708:1:28868938 629992095 0 330112318
745254239:0:198566679 925948586 1 385791105
163244367:1:139648197 694491876 0 48641917
654213751:0:220358678 850116819 0 349764945
857941889:0:88525159 805873178 0 495685570
930322164:0:477742207 440516943 0 166722198
141101324:0:373303256 351379400 1 1181710
242598763:1:421011359 599288980 1 38254193
771486569:0:104909122 656440523 0 262371158
772976181:1:415443735 557152074 0 253694562
611118156:1:376819829 484449034 0 181508438
300127959:1:4862845 178671749 0 240808436
575945216:1:50195334 98737609 1 105522892
441129356:0:325671171 882459285 0 142277784
163803309:1:349097957 676402243 0 81937935
925133846:1:449334082 554233371 1 317927268
296420388:0:422439244 438777458 1 28021436
696276641:1:53465273 349713363 1 271993094
842703824:1:316020224 417706338 1 65989940
619494385:0:94269194 97338048 0 35086992
41831089:1:193794704 508429062 0 365131160
702740673:0:270556451 729018007 1 211627277
886735768:0:455975898 866637495 1 459922214
703848751:0:510301468 181726399 0 197513355
839435565:1:425964606 337438044 0 449619707
122384968:0:291728584 869856142 0 148296159
17182625:1:293468571 199342646 1 254070247
158811647:0:398785293 324698202 1 16094980
782169542:0:204813592 152712630 1 19735100
924951148:1:187066016 350148219 0 435240610
694988384:0:236522629 89783020 1 374582647
550447381:1:209567689 472688872 1 271987685
493523028:0:154563182 241589343 0 56790915
40410144:0:246704874 405451999 1 489391373
534492877:0:515576374 51621806 1 319728907
772282755:1:280767566 168483683 0 296727509
97147109:0:507231875 392093485 1 415011929
524254217:0:432845927 564568340 1 105350840
712254954:1:203791921 124693644 1 314402570
443295877:1:46015727 880342283 0 204971257
595613113:1:291256295 272257939 0 217973847
130349598:0:366264167 75342726 0 96465749
355518292:0:75765754 45320503 0 283643444
176204709:1:425191361 697089096 0 332541484
227633007:1:196432198 388496365 0 333383754
616204557:0:48323846 681913837 1 285905443
262075000:0:90025164 160832924 1 353551940
747340831:1:18145378 631448902 1 121854726
327549402:0:324881048 18572003 1 96084659
177962649:1:66019053 547240351 1 73121720
540802006:1:323045480 804686734 1 327694404
645152164:1:465216173 871634576 1 499786918
171834877:1:266970272 515373113 0 421198489
83508838:0:435707487 74837350 0 57664335
722964495:1:64697994 715966688 0 87534258
702220857:1:458176840 291714216 1 139454665
462672875:1:486000038 94563058 0 88598956
572747274:0:394657975 20402556 1 493630627
318288791:1:93594936 573577697 0 216466666
766037128:0:367153210 664719834 0 356733105
623101721:1:514192900 674039966 0 219168099
730100538:1:436402118 84185390 1 47172240
828871613:0:469647059 550074470 1 343211973
436058753:1:507855442 505578172 0 284831520
106602234:0:81007 848671075 0 493267311
826874091:1:56375477 557936563 0 184287444
830790988:1:92528177 107551429 0 466402980
445378296:1:170717851 257489311 0 169215537
613913036:0:270939979 455389293 0 464153551
242399894:1:133271678 653165337 1 221756234
555808516:0:86365384 734260598 1 516715229
184088376:1:359008575 382638610 0 66417509
639092662:0:470351406 781887535 0 253151039
602809851:1:18687022 670736441 1 222194819
743568157:0:497685011 503780961 1 436050148
501563481:0:430586179 538417833 0 84640979
522035266:1:135700058 796456070 0 113564643
249168731:1:81203838 638243431 0 499905929
369236288:0:12650009 187221236 1 515749931
90789783:0:392404774 830738139 1 304392219
882893410:0:311364798 249354503 0 118950058
381282027:0:233270776 14223697 0 344929656
