214866530 1 849408062
100
118142591:0:463769212 39323099 0 619454835
74217500:0:302694903 62016468 0 244302425
27015821:0:424965243 167935942 0 507233732
153688271:0:838000757 27006643 0 360095866
176216385:0:729312933 157405529 0 386353945
19320894:0:257613104 23430705 0 272257016
41318386:0:791912156 15177116 0 47909011
29634471:0:417389718 176872702 0 700431744
84967620:0:437332013 180285253 0 844425223
7187330:0:494626886 72398573 0 745924836
139613537:0:437972962 37343518 0 311745480
80216807:0:391085701 81910898 0 68762561
186164317:0:150332010 96343901 0 568206208
26332552:0:535231440 26879152 0 118592208
22179147:0:492419174 117833869 0 770668686
34316945:0:607009484 76676679 0 443186764
11657656:0:821695779 10444822 0 658608527
33812557:0:472590451 42855011 0 104658097
129174322:0:77681680 158494375 0 450738155
70046495:0:768003381 186920325 0 236202086
157692560:0:366325935 169550043 0 165187905
159542942:0:543545062 200349083 0 824120771
87581259:0:813164772 188177271 0 505427860
55453483:0:797785320 198952301 0 34493119
48367668:0:511168481 85677056 0 205203624
144627813:0:124556859 192239809 0 175848546
105520011:0:386101500 120186685 0 272723290
153402258:0:484420600 119256132 0 563779733
148466885:0:365808176 54570709 0 141006059
52657893:0:402661211 71470741 0 545817173
103360984:0:530395517 101703056 0 75478211
104053180:0:183964288 207954066 0 296974417
152191206:0:629862235 13447957 0 292574622
168482541:0:23988351 173936443 0 445742861
146788959:0:845195876 183771576 0 525357769
130758858:0:658501352 209420926 0 14142741
103197506:0:581397966 61750300 0 475316810
121129739:0:676977139 95854664 0 402355467
21043416:0:742874969 189164244 0 679449937
103664001:0:113921081 175208287 0 656345248
208772398:0:118304857 70283236 0 355908730
125234975:0:796041267 128967048 0 181547155
34264833:0:44783000 201627369 0 389000859
8492571:0:828890476 118612983 0 296170174
48292113:0:379681522 42233122 0 130878684
127840714:0:608970408 145487168 0 428750708
65841316:0:544897148 170322869 0 602413859
93847523:0:336884432 45849234 0 348464551
71438438:0:190797802 59199062 0 299246320
80974298:0:151439832 135483331 0 442483466
73664110:0:347975131 189634486 0 579779291
180828684:0:410818369 101155298 0 820184024
195191670:0:514665392 150407581 0 482874879
159377586:0:816466765 116273336 0 587260807
140414615:0:760837369 139528010 0 363485224
186249047:0:399017144 151234833 0 234808715
195363853:0:521682723 115479410 0 518688801
210255821:0:558560448 157574725 0 346356379
159764197:0:648466949 125704909 0 377942262
80395714:0:529007307 38523947 0 790437779
85326132:0:18083459 38516969 0 668348074
151443021:0:471838973 129882976 0 757257905
210300738:0:777964088 151759972 0 340762102
54030975:0:494917662 89357640 0 419319231
142380626:0:679013698 128584961 0 291431500
126987481:0:432664520 175339628 0 650911344
10301145:0:16211285 107318194 0 764472091
67998877:0:653246275 7977681 0 245406571
67909699:0:820959932 44432591 0 365701509
145175828:0:161727611 169373510 0 165661620
9347177:0:582139731 92832153 0 815657158
123991597:0:350059488 27665352 0 533305310
203949332:0:765780417 56603439 0 512827169
159062998:0:750703543 141765538 0 840278646
12787691:0:727541642 173513029 0 649295152
111758100:0:803674944 70208993 0 360082757
173594663:0:324752198 43414102 0 399595794
28647477:0:178310846 59338950 0 585485687
6046076:0:427755810 6503041 0 90431017
175218653:0:814222679 102857296 0 692203880
121550511:0:754365217 105172272 0 344547340
162438984:0:535374523 72101065 0 665744483
153446262:0:400372223 189657477 0 678754842
109437329:0:711426522 9848393 0 565478452
135243223:0:355930137 30257765 0 797995843
108026776:0:368236664 26209053 0 366286655
6309238:0:259133585 194338115 0 552699864
195306246:0:593836588 133856289 0 36142858
140630288:0:124894783 111778228 0 57130676
159781305:0:381931906 66936790 0 332432873
126958984:0:456716137 11440889 0 720625386
55042896:0:227149122 17561721 0 264780594
153006451:0:564504096 53831914 0 746090793
87525442:0:495179723 58534161 0 743553795
172204511:0:231921324 39181554 0 709845257
72617423:0:704283289 169936720 0 86693568
37598479:0:743633215 17557510 0 210135621
49416684:0:352016431 173035053 0 37996624
210341117:0:764815633 198700377 0 441693391
164533051:0:410439528 45722083 0 764462573
