663521712 1 733192261
100
210872315:0:277329159 643757966 0 495689038
252647648:0:479023777 219690844 0 13035128
341001241:0:539057237 316417417 0 394160176
503561549:0:224492372 439074159 0 717105776
415164099:0:16039366 325505552 0 488461139
77876448:0:537117033 571407009 0 365654117
149854305:0:400765132 447903370 0 647486751
445846924:0:304284743 625477627 0 188775237
177802261:0:632837688 232332583 0 455832629
528726556:0:645670155 315938755 0 277604012
144476059:0:687682435 162750060 0 547939790
137099093:0:73228047 478296232 0 634313614
348921585:0:677572527 392160190 0 215421758
54339230:0:34883910 146108090 0 325089004
536228093:0:72373180 399184835 0 195585564
617318562:0:591043260 232923798 0 650632768
213819764:0:678309758 373491031 0 319323607
248969902:0:79271406 615395022 0 670010628
406380587:0:392960359 450202768 0 190702719
273767662:0:10679062 383999882 0 680047292
317489466:0:706923296 28518663 0 286126910
625560787:0:107156946 293357407 0 731562863
525671130:0:30676244 202125299 0 212341568
544569374:0:197698741 269274627 0 554560391
458456497:0:480776958 131564304 0 619406813
636326183:0:22333473 567569541 0 316906646
100853092:0:361307368 127736498 0 575512770
404725225:0:175545958 405739809 0 504401041
495828944:0:305867506 299376213 0 263657137
118820579:0:438655585 590509707 0 1348542
155242300:0:76967800 43793395 0 663034517
326877687:0:678547807 124871849 0 79465621
41441700:0:364053311 209010116 0 63000709
424130687:0:402811937 557864068 0 186927178
355059067:0:326060164 81463305 0 570156505
482968399:0:260868539 379855133 0 730350101
518747169:0:56444343 454661203 0 76123438
178835097:0:337148166 245559977 0 358173348
326130345:0:408420394 398093719 0 85838908
288657356:0:81927531 185867775 0 457741254
98714691:0:512548016 53014083 0 541131421
474277300:0:542229432 141504465 0 665232882
63796796:0:118370155 658775626 0 59715508
389398684:0:632609205 253079620 0 704952180
426003477:0:59143437 251710316 0 488360956
121633021:0:493596235 284429532 0 425816231
343305434:0:504270155 547579974 0 101575816
176559814:0:618007246 127138230 0 577429288
343655488:0:92951865 15878055 0 202739700
207923736:0:567940916 26931149 0 647110385
639774230:0:92483349 663388101 0 532081286
284543470:0:356712808 182078569 0 699069449
660257360:0:117703005 68776378 0 685864080
287321888:0:114588475 374001841 0 725913542
182791043:0:37466052 328977354 0 505332651
302636109:0:15563615 163790943 0 335507655
366619151:0:368189056 40485376 0 442326540
625219240:0:62468453 216367734 0 337128314
92721268:0:56645744 213303086 0 21680902
195173435:0:37254151 445147779 0 70741619
42211768:0:668905262 237639570 0 652887348
252374616:0:401787755 86835264 0 351256165
9152469:0:551278777 639916327 0 190233699
534353036:0:416755748 554787679 0 198337948
56932438:0:212801256 164678106 0 695471188
468186654:0:446576446 558388553 0 196083297
354415785:0:39263535 81355328 0 592172431
248783753:0:105678446 532884120 0 80127406
458214770:0:683193951 167318204 0 590583848
248739658:0:381350510 481656670 0 408196678
609797772:0:362631227 388987654 0 371286439
28027083:0:171206064 427343332 0 328292138
439804043:0:87875308 54498950 0 427354598
168667990:0:61708327 209525587 0 602046567
258166124:0:456384082 402595240 0 165542927
355072171:0:500555004 311219728 0 256995700
272237256:0:629647932 256104753 0 19031890
409795103:0:469716808 66232149 0 544587979
463878120:0:262849890 277929091 0 244305603
625809161:0:449697222 598098521 0 615162551
255604929:0:156790655 280032948 0 210710158
359796231:0:528602588 190273187 0 679906137
418665084:0:674017456 331399781 0 371716569
102497652:0:625262036 376877344 0 416049090
14029730:0:161442596 396294981 0 608982476
216128493:0:305253087 387778670 0 662279909
1422804:0:282812486 611373218 0 83257746
484007677:0:542112600 482371048 0 186286181
359758477:0:147311288 35776214 0 415644538
454457683:0:164651029 573230300 0 311465156
493784530:0:406354043 45397144 0 61909980
661327404:0:53315010 98686729 0 265671235
581213017:0:654984650 207878130 0 35949885
35221033:0:703496890 333058113 0 9878815
502304365:0:690378276 285759431 0 197180372
338560636:0:120569058 533947202 0 214055790
178808810:0:44277977 205788499 0 200255317
282490422:0:197860005 268037872 0 132561497
57191728:0:657635483 212120687 0 208663935
487050142:0:334750412 27490297 0 335155351
