375737223 1 973343645
100
232903161:0:28034928 46651771 0 779386180
342419234:0:497577543 300148615 0 370735656
244246710:0:662124152 350434862 0 468470492
90615951:0:424474295 30505883 0 791997511
45418146:0:475212023 335729173 0 718667057
245448432:0:907547266 167941384 0 970881132
103686501:0:577931676 133989251 0 17350412
131043503:0:485554441 297194780 0 841673624
83023607:0:390814891 134070221 0 818467246
137898740:0:545547745 129609033 0 236416108
40633379:0:607280072 281989092 0 165870186
111385766:0:190991921 38431701 0 776151604
325030358:0:871875332 83680831 0 809358124
156847811:0:37642803 97799922 0 335312456
192859099:0:502528430 171904612 0 497367303
105384037:0:11025037 375439923 0 845563725
308837590:0:500620052 72707102 0 260193665
32175166:0:954784988 236655820 0 390394428
215914402:0:219782831 308646806 0 503061695
151063016:0:317829932 146886373 0 721365232
168992480:0:505271952 146531307 0 75252350
324012532:0:487776625 277410270 0 858303265
367966024:0:138959341 161472019 0 240799555
93827601:0:179227497 237845888 0 214022967
273013693:0:124620110 126410071 0 128884623
8717103:0:481272635 334736737 0 911241082
63402380:0:8082185 328520709 0 611513613
362700141:0:404299899 173894218 0 507333477
88780366:0:131655400 10610250 0 228301834
79400030:0:799252486 177727096 0 352883180
373927707:0:323847517 74340417 0 329047759
28523221:0:631526645 225664632 0 534937034
222939617:0:825184924 182309750 0 172142888
114882441:0:730034150 240886396 0 628996890
106211781:0:272702466 157252781 0 603074576
341661530:0:503938620 209003341 0 653415338
261212335:0:592091181 340546746 0 683478894
141709848:0:595392693 66277685 0 370079487
155402539:0:86357168 94592863 0 637850206
205302500:0:96655471 352346509 0 500466037
141290828:0:515709250 70198877 0 46564469
193739692:0:672516293 220777931 0 29621206
122431081:0:64432537 198887136 0 612533710
153591016:0:40042954 272538826 0 587689287
269658394:0:57201499 293449839 0 967172753
78895503:0:297826004 174290966 0 251146156
321369017:0:508455459 38702353 0 135156336
166579717:0:660558480 365968986 0 12073538
267446954:0:599781018 259947078 0 828438187
340229926:0:144780432 244116564 0 635525154
314133846:0:151210142 307316220 0 107958500
67425006:0:902355563 79772023 0 176567916
356935536:0:340784729 96465043 0 462479445
141370171:0:563093572 294892376 0 196613696
322316108:0:484605971 283611725 0 627704228
275780311:0:508262879 334338569 0 956871234
224910221:0:885442927 45370467 0 691880368
101226568:0:787889811 13329791 0 936377842
120435567:0:493876995 173595279 0 854340578
100872722:0:370952811 33424324 0 355102445
373195311:0:287155123 187481506 0 896264454
271572898:0:680822228 190127783 0 91790697
314621933:0:596478209 170918058 0 490432250
361683172:0:811540967 160114561 0 573085404
170371237:0:259789514 127855455 0 431412981
35143571:0:92273387 352959702 0 154585077
52654410:0:229617766 221718917 0 410649095
194398564:0:848047864 124974409 0 792355991
123055331:0:51185238 192164939 0 801697209
136610633:0:605113871 32895831 0 219883541
50793856:0:699987173 9899597 0 104331033
161473500:0:754925147 361773361 0 246513175
272913045:0:531844198 162672972 0 133508942
232684752:0:140236258 241098782 0 310226821
184983033:0:746837591 360586296 0 719672629
75266203:0:512059179 31987855 0 594222231
196762696:0:845211338 333343325 0 316041536
216171474:0:688967120 150612474 0 67985833
44858473:0:18335841 161346776 0 797984845
268213578:0:503528176 204858120 0 65926923
273883886:0:169492028 297495135 0 91947137
181345148:0:461460292 375176986 0 40937999
251157120:0:503362077 94213098 0 771501802
162257601:0:926288030 69353136 0 632977811
322291624:0:172544478 186084895 0 47188610
190854551:0:540271880 152767023 0 204022746
13761324:0:566678974 6775734 0 83754780
59734066:0:113502267 298765901 0 201772554
143941155:0:594983187 100752431 0 255027567
239959240:0:766875505 230917876 0 239504437
252110644:0:595289053 325187463 0 329506503
218628134:0:692733417 280539410 0 854218928
223614737:0:926056650 46361057 0 969029116
299078589:0:489365654 122011617 0 426772370
17089825:0:94323573 334832233 0 94320549
28248081:0:857756597 209612426 0 620653598
281765595:0:505770239 111947491 0 683884213
304524027:0:313564843 77737045 0 163416096
198836727:0:509700614 258165997 0 285811042
363158962:0:971557998 259728971 0 529334452
