2 408204563 403832218
100
1:94358859:262147255 0 211838972 211922732
1:60478341:351668689 0 397618445 178040172
1:41717017:154354326 1 130330769 276939705
1:369009772:33007234 0 36347197 311886421
0:156986663:46274779 0 112277180 191830051
1:68864031:26964978 1 53033720 302877700
0:277636083:356964369 0 59205213 178575425
1:109666601:98458030 1 214387568 91901758
1:399547531:323785533 0 380452932 976298
1:334119016:142628816 0 220843490 317929657
0:349728503:355833617 1 400423169 284225305
1:299101333:282018020 1 169391520 221230164
1:31982282:169057249 1 343771597 323995061
1:198946951:147149642 1 322117445 313893154
0:72946520:13061455 0 274913680 312653434
1:84180710:228977031 0 24247803 91839963
1:262706971:208496295 0 237413133 244379001
0:397313582:351163569 1 110051767 175011583
0:299802245:339665427 1 44526371 3544096
0:348960727:378158010 1 357136841 220484655
1:212704286:72345909 1 359313437 230905018
0:369369001:15429115 0 350914428 1181422
0:241280698:22064714 0 160852394 111284007
1:61414484:193425228 0 146613310 20344460
0:176513471:219572694 1 136850765 338351475
0:148685779:301286659 1 141068077 18557678
1:64315440:259621006 1 101981808 269329735
0:378799147:185987807 0 397050177 105114817
1:26061697:37265 0 139442243 128243082
0:344795360:292934361 1 377802766 327315552
1:82647098:134631458 1 245548965 339655784
0:331522976:100460305 0 271676758 382071571
1:76455844:174124557 0 229892132 249129145
1:13603873:320115702 1 344869273 156843063
1:362508037:197791360 1 1160473 15472985
1:46509794:333298654 1 156564160 360855713
1:202821044:333639834 1 249862173 117101306
0:75443260:22172959 0 254053837 252731547
0:194204719:180503402 0 131263721 75614101
1:281358017:26209494 1 247093527 395853142
1:313718515:357982264 1 52803833 206267528
1:387693574:110846478 0 194398571 204520458
1:360218139:344279527 0 223592614 387411160
1:177194353:183258123 1 63076498 23028594
0:320595212:30534626 0 189224166 237391270
1:32153236:238357931 0 323139546 258986137
1:268272920:392787923 1 305247004 194638412
1:210852461:109669126 0 360728124 398858463
1:233997659:93771574 0 2565558 117303811
1:13089458:75036679 0 334433137 392493757
0:41967954:184718953 1 231038486 337114596
1:20480651:272928178 0 331769098 269242362
0:386405956:213243008 1 88511601 156474895
0:58894584:92188062 0 9138940 273771273
0:228525088:244553129 0 240893921 360052253
0:345366361:161792109 1 33164016 220804803
0:10055637:23689075 0 279887895 357476333
1:15145262:152650058 0 103469792 220959
0:279441681:129818726 0 11990481 273250379
0:308533526:37517054 1 35754695 64786792
1:207526093:322337346 1 242880356 70068124
0:352177492:186493606 0 363308846 122382454
1:352051367:156958286 0 18463941 210544496
0:42999584:135612697 1 231723721 295996585
0:161649037:36238294 1 50513715 82482279
1:229099863:27624566 0 294420550 382218794
1:9831530:297687359 1 187195380 68524548
0:131807804:156442714 1 15051295 262870654
1:228209563:219577967 0 357543472 393338122
0:200029305:49116852 0 389857153 3924310
0:313509674:147424610 1 308691012 379051143
0:104174476:121520280 0 35647910 188852078
0:94698561:322226060 0 88007419 291659536
1:211963895:346782324 0 225740683 229151484
1:146735053:327409223 1 298468996 7001705
0:318408145:336132501 1 276874913 1426732
1:220330151:287808574 0 133608327 75038818
0:144075529:383845456 1 82189121 72203813
0:5663238:193382930 0 133401648 32613983
0:362039017:300055860 1 374763080 353494928
1:190208980:323334730 1 5682268 47555208
0:290518193:241684642 1 291710859 255539387
0:254132866:289037022 0 390442883 269485996
0:382922158:320915777 0 128788505 70155344
0:333984150:183573544 1 248347827 336830157
1:309637282:263495789 1 347350321 68641679
1:73726974:240717261 1 385757357 343962349
0:333265588:363893473 1 336073691 152797138
0:63594677:334865763 0 372528643 303820327
1:382340536:394413562 1 253848391 41645680
0:233486304:98049363 0 312665608 346312784
1:158594070:124399610 1 5810759 96030515
1:400575841:235941213 0 203724656 371311398
1:253945619:242379136 1 278191369 373519825
1:180236399:191762424 0 315195127 354858352
0:251976148:94556191 0 199603921 183390435
1:286399015:381368863 1 117194766 4487850
0:155238869:207989520 1 189647152 157940531
0:261035694:112208562 1 352755134 397767287
1:282565367:355833758 0 345015940 191080438
